-1.154 -0.1208 11.95 0.045 0.0 0.0 0.0 0.0 0.0
-1.186 -0.157 11.89 0.049941 0.0 0.0 0.0 0.0 0.0
-1.333 -0.1944 11.83 0.045094 0.0 0.0 0.0 0.0 0.0
-1.156 -0.2168 11.78 0.04448 0.0 0.0 0.0 0.0 0.0
-1.159 -0.2447 11.72 0.050661 0.0 0.0 0.0 0.0 0.0
-1.163 -0.27 11.66 0.050251 0.0 0.0 0.0 0.0 0.0
-1.166 -0.2929 11.6 0.049846 0.0 0.0 0.0 0.0 0.0
-1.347 -0.3206 11.54 0.042664 0.0 0.0 0.0 0.0 0.0
-1.229 -0.3337 11.49 0.042925 0.0 0.0 0.0 0.0 0.0
-1.175 -0.348 11.44 0.046815 0.0 0.0 0.0 0.0 0.0
-1.174 -0.364 11.38 0.048559 0.0 0.0 0.0 0.0 0.0
-1.171 -0.3788 11.32 0.048412 0.0 0.0 0.0 0.0 0.0
-1.169 -0.3924 11.27 0.048254 0.0 0.0 0.0 0.0 0.0
-1.167 -0.4051 11.21 0.048096 0.0 0.0 0.0 0.0 0.0
-1.165 -0.4169 11.15 0.047938 0.0 0.0 0.0 0.0 0.0
-1.163 -0.428 11.1 0.047781 0.0 0.0 0.0 0.0 0.0
-1.16 -0.4384 11.04 0.047625 0.0 0.0 0.0 0.0 0.0
-1.158 -0.4482 10.99 0.047469 0.0 0.0 0.0 0.0 0.0
-1.156 -0.4575 10.93 0.047314 0.0 0.0 0.0 0.0 0.0
-1.154 -0.4663 10.88 0.047159 0.0 0.0 0.0 0.0 0.0
-1.152 -0.4747 10.83 0.047011 0.0 0.0 0.0 0.0 0.0
-1.15 -0.4827 10.77 0.046856 0.0 0.0 0.0 0.0 0.0
-1.096 -0.4866 10.72 0.046854 0.0 0.0 0.0 0.0 0.0
-0.9895 -0.4856 10.67 0.04887 0.0 0.0 0.0 0.0 0.0
-1.143 -0.5038 10.62 0.046435 0.0 0.0 0.0 0.0 0.0
-1.141 -0.5107 10.57 0.046279 0.0 0.0 0.0 0.0 0.0
-1.139 -0.5173 10.51 0.046126 0.0 0.0 0.0 0.0 0.0
-1.137 -0.5237 10.46 0.045975 0.0 0.0 0.0 0.0 0.0
-1.001 -0.5191 10.42 0.045973 0.0 0.0 0.0 0.0 0.0
-1.054 -0.5292 10.36 0.048896 0.0 0.0 0.0 0.0 0.0
-1.131 -0.5411 10.31 0.045555 0.0 0.0 0.0 0.0 0.0
-1.129 -0.5469 10.26 0.045406 0.0 0.0 0.0 0.0 0.0
-1.127 -0.5525 10.21 0.045256 0.0 0.0 0.0 0.0 0.0
-0.9442 -0.5424 10.17 0.045255 0.0 0.0 0.0 0.0 0.0
-1.083 -0.5593 10.12 0.046417 0.0 0.0 0.0 0.0 0.0
-1.12 -0.5677 10.07 0.04485 0.0 0.0 0.0 0.0 0.0
-0.9253 -0.5557 10.03 0.04485 0.0 0.0 0.0 0.0 0.0
-1.106 -0.5762 9.976 0.045016 0.0 0.0 0.0 0.0 0.0
-1.059 -0.5774 9.928 0.045017 0.0 0.0 0.0 0.0 0.0
-1.045 -0.5812 9.879 0.046771 0.0 0.0 0.0 0.0 0.0
-1.023 -0.5841 9.831 0.047139 0.0 0.0 0.0 0.0 0.0
-1.041 -0.5906 9.782 0.046905 0.0 0.0 0.0 0.0 0.0
-1.017 -0.5933 9.734 0.046883 0.0 0.0 0.0 0.0 0.0
-1.015 -0.5979 9.686 0.047569 0.0 0.0 0.0 0.0 0.0
-1.013 -0.6025 9.638 0.047419 0.0 0.0 0.0 0.0 0.0
-1.011 -0.607 9.59 0.04727 0.0 0.0 0.0 0.0 0.0
-1.005 -0.6111 9.543 0.047269 0.0 0.0 0.0 0.0 0.0
-0.9907 -0.6144 9.496 0.047326 0.0 0.0 0.0 0.0 0.0
-0.9996 -0.6198 9.449 0.047111 0.0 0.0 0.0 0.0 0.0
-0.9881 -0.6233 9.402 0.0471 0.0 0.0 0.0 0.0 0.0
-0.9946 -0.6284 9.355 0.046865 0.0 0.0 0.0 0.0 0.0
-0.9778 -0.6313 9.31 0.046857 0.0 0.0 0.0 0.0 0.0
-0.9759 -0.6356 9.264 0.047276 0.0 0.0 0.0 0.0 0.0
-0.9739 -0.6398 9.218 0.04713 0.0 0.0 0.0 0.0 0.0
-0.972 -0.6441 9.172 0.046984 0.0 0.0 0.0 0.0 0.0
-0.9612 -0.6474 9.127 0.046983 0.0 0.0 0.0 0.0 0.0
-0.9556 -0.6513 9.082 0.047267 0.0 0.0 0.0 0.0 0.0
-0.9567 -0.6558 9.037 0.047013 0.0 0.0 0.0 0.0 0.0
-0.9427 -0.6587 8.992 0.047012 0.0 0.0 0.0 0.0 0.0
-0.9503 -0.6639 8.948 0.046841 0.0 0.0 0.0 0.0 0.0
-0.9507 -0.6683 8.904 0.046598 0.0 0.0 0.0 0.0 0.0
-0.9276 -0.6702 8.86 0.046596 0.0 0.0 0.0 0.0 0.0
-0.923 -0.674 8.816 0.047508 0.0 0.0 0.0 0.0 0.0
-0.933 -0.6795 8.773 0.046763 0.0 0.0 0.0 0.0 0.0
-0.9219 -0.6826 8.73 0.046762 0.0 0.0 0.0 0.0 0.0
-0.9168 -0.6864 8.687 0.047082 0.0 0.0 0.0 0.0 0.0
-0.9184 -0.6909 8.644 0.046793 0.0 0.0 0.0 0.0 0.0
-0.9124 -0.6946 8.601 0.046791 0.0 0.0 0.0 0.0 0.0
-0.9153 -0.6993 8.558 0.04648 0.0 0.0 0.0 0.0 0.0
-0.9002 -0.702 8.517 0.046479 0.0 0.0 0.0 0.0 0.0
-0.8982 -0.7061 8.474 0.046881 0.0 0.0 0.0 0.0 0.0
-0.89 -0.7095 8.433 0.04688 0.0 0.0 0.0 0.0 0.0
-0.8792 -0.7125 8.391 0.047074 0.0 0.0 0.0 0.0 0.0
-0.8923 -0.7186 8.35 0.046484 0.0 0.0 0.0 0.0 0.0
-0.8861 -0.7222 8.309 0.046482 0.0 0.0 0.0 0.0 0.0
-0.8684 -0.7243 8.268 0.04657 0.0 0.0 0.0 0.0 0.0
-0.8688 -0.7288 8.227 0.047025 0.0 0.0 0.0 0.0 0.0
-0.8702 -0.7335 8.187 0.046708 0.0 0.0 0.0 0.0 0.0
-0.878 -0.7389 8.146 0.046075 0.0 0.0 0.0 0.0 0.0
-0.8567 -0.7406 8.107 0.046059 0.0 0.0 0.0 0.0 0.0
-0.8545 -0.7447 8.067 0.046859 0.0 0.0 0.0 0.0 0.0
-0.8518 -0.7488 8.027 0.046769 0.0 0.0 0.0 0.0 0.0
-0.8485 -0.7529 7.987 0.046711 0.0 0.0 0.0 0.0 0.0
-0.8447 -0.7569 7.948 0.046685 0.0 0.0 0.0 0.0 0.0
-0.8384 -0.7605 7.909 0.046684 0.0 0.0 0.0 0.0 0.0
-0.8437 -0.7659 7.87 0.046264 0.0 0.0 0.0 0.0 0.0
-0.8302 -0.7685 7.831 0.046269 0.0 0.0 0.0 0.0 0.0
-0.8354 -0.7738 7.793 0.046279 0.0 0.0 0.0 0.0 0.0
-0.8124 -0.775 7.755 0.046261 0.0 0.0 0.0 0.0 0.0
-0.8216 -0.781 7.717 0.046573 0.0 0.0 0.0 0.0 0.0
-0.8313 -0.7871 7.679 0.045822 0.0 0.0 0.0 0.0 0.0
-0.8066 -0.788 7.642 0.045793 0.0 0.0 0.0 0.0 0.0
-0.8114 -0.7933 7.604 0.046458 0.0 0.0 0.0 0.0 0.0
-0.8042 -0.7969 7.567 0.046448 0.0 0.0 0.0 0.0 0.0
-0.8057 -0.8018 7.529 0.046314 0.0 0.0 0.0 0.0 0.0
-0.7916 -0.8045 7.522 0.0092819 0.0 0.0 0.0 0.0 0.0
