0.0 0.0 12.0 0.0 0.0 0.0 0.0 0.0 0.0
0.0 -0.12674083090014845 11.95522 0.0 0.0 0.0 0.0 0.0 0.0
0.0 -0.1666199672819288 11.910440000000001 0.0 0.0 0.0 0.0 0.0 0.0
0.0 -0.1856208744120068 11.86566 0.0 0.0 0.0 0.0 0.0 0.0
0.0 -0.21275806630842925 11.820879999999999 0.0 0.0 0.0 0.0 0.0 0.0
0.0 -0.23853702035096147 11.7761 0.0 0.0 0.0 0.0 0.0 0.0
0.0 -0.2627678698319814 11.73132 0.0 0.0 0.0 0.0 0.0 0.0
0.0 -0.28527383604706114 11.68654 0.0 0.0 0.0 0.0 0.0 0.0
0.0 -0.3062857517480001 11.641760000000001 0.0 0.0 0.0 0.0 0.0 0.0
0.0 -0.3261578953171067 11.59698 0.0 0.0 0.0 0.0 0.0 0.0
0.0 -0.34182607736677195 11.5522 0.0 0.0 0.0 0.0 0.0 0.0
0.0 -0.35748346692889155 11.50742 0.0 0.0 0.0 0.0 0.0 0.0
0.0 -0.3741918449565524 11.46264 0.0 0.0 0.0 0.0 0.0 0.0
0.0 -0.3894627841456822 11.417860000000001 0.0 0.0 0.0 0.0 0.0 0.0
0.0 -0.4039837549938815 11.37308 0.0 0.0 0.0 0.0 0.0 0.0
0.0 -0.4176034158968207 11.3283 0.0 0.0 0.0 0.0 0.0 0.0
0.0 -0.4305153373223348 11.28352 0.0 0.0 0.0 0.0 0.0 0.0
0.0 -0.44270326392170406 11.23874 0.0 0.0 0.0 0.0 0.0 0.0
0.0 -0.45422094224951104 11.19396 0.0 0.0 0.0 0.0 0.0 0.0
0.0 -0.4652265597382299 11.149180000000001 0.0 0.0 0.0 0.0 0.0 0.0
0.0 -0.4757655291815282 11.1044 0.0 0.0 0.0 0.0 0.0 0.0
0.0 -0.4858092422961185 11.05962 0.0 0.0 0.0 0.0 0.0 0.0
0.0 -0.4954056274320143 11.01484 0.0 0.0 0.0 0.0 0.0 0.0
0.0 -0.5046054370578763 10.97006 0.0 0.0 0.0 0.0 0.0 0.0
0.0 -0.5134134530773906 10.92528 0.0 0.0 0.0 0.0 0.0 0.0
0.0 -0.5219071042681084 10.8805 0.0 0.0 0.0 0.0 0.0 0.0
0.0 -0.5300738641274655 10.83572 0.0 0.0 0.0 0.0 0.0 0.0
0.0 -0.5380097876788866 10.790939999999999 0.0 0.0 0.0 0.0 0.0 0.0
0.0 -0.5456097031292522 10.74616 0.0 0.0 0.0 0.0 0.0 0.0
0.0 -0.5530240540747795 10.70138 0.0 0.0 0.0 0.0 0.0 0.0
0.0 -0.5599200617866197 10.656600000000001 0.0 0.0 0.0 0.0 0.0 0.0
0.0 -0.5678126746720529 10.61182 0.0 0.0 0.0 0.0 0.0 0.0
0.0 -0.5756497133301818 10.56704 0.0 0.0 0.0 0.0 0.0 0.0
0.0 -0.5819168925769339 10.52226 0.0 0.0 0.0 0.0 0.0 0.0
0.0 -0.5883812582543859 10.47748 0.0 0.0 0.0 0.0 0.0 0.0
0.0 -0.5946136375846472 10.4327 0.0 0.0 0.0 0.0 0.0 0.0
0.0 -0.600668069297694 10.387920000000001 0.0 0.0 0.0 0.0 0.0 0.0
0.0 -0.6066230728063665 10.34314 0.0 0.0 0.0 0.0 0.0 0.0
0.0 -0.6138457020561324 10.29836 0.0 0.0 0.0 0.0 0.0 0.0
0.0 -0.6195690507551932 10.25358 0.0 0.0 0.0 0.0 0.0 0.0
0.0 -0.6251777322419626 10.2088 0.0 0.0 0.0 0.0 0.0 0.0
0.0 -0.6307595527174708 10.16402 0.0 0.0 0.0 0.0 0.0 0.0
0.0 -0.635910259024626 10.11924 0.0 0.0 0.0 0.0 0.0 0.0
0.0 -0.6422744927839644 10.07446 0.0 0.0 0.0 0.0 0.0 0.0
0.0 -0.6480326610765323 10.02968 0.0 0.0 0.0 0.0 0.0 0.0
0.0 -0.6532365106586647 9.9849 0.0 0.0 0.0 0.0 0.0 0.0
0.0 -0.6588069522608594 9.94012 0.0 0.0 0.0 0.0 0.0 0.0
0.0 -0.6641726610469844 9.895340000000001 0.0 0.0 0.0 0.0 0.0 0.0
0.0 -0.6694558672896124 9.85056 0.0 0.0 0.0 0.0 0.0 0.0
0.0 -0.6747349104541646 9.80578 0.0 0.0 0.0 0.0 0.0 0.0
0.0 -0.6800667024036529 9.761 0.0 0.0 0.0 0.0 0.0 0.0
0.0 -0.6852985837457178 9.71622 0.0 0.0 0.0 0.0 0.0 0.0
0.0 -0.6905466893634822 9.67144 0.0 0.0 0.0 0.0 0.0 0.0
0.0 -0.6956682748919891 9.626660000000001 0.0 0.0 0.0 0.0 0.0 0.0
0.0 -0.7007257776597031 9.58188 0.0 0.0 0.0 0.0 0.0 0.0
0.0 -0.7059012128723068 9.5371 0.0 0.0 0.0 0.0 0.0 0.0
0.0 -0.7110614108551248 9.49232 0.0 0.0 0.0 0.0 0.0 0.0
0.0 -0.7161154729948588 9.44754 0.0 0.0 0.0 0.0 0.0 0.0
0.0 -0.7211805300193705 9.40276 0.0 0.0 0.0 0.0 0.0 0.0
0.0 -0.7262549375004527 9.35798 0.0 0.0 0.0 0.0 0.0 0.0
0.0 -0.7313165514359561 9.3132 0.0 0.0 0.0 0.0 0.0 0.0
0.0 -0.7363935839694764 9.26842 0.0 0.0 0.0 0.0 0.0 0.0
0.0 -0.7414638042680806 9.22364 0.0 0.0 0.0 0.0 0.0 0.0
0.0 -0.74643982656574 9.17886 0.0 0.0 0.0 0.0 0.0 0.0
0.0 -0.7515180785790844 9.13408 0.0 0.0 0.0 0.0 0.0 0.0
0.0 -0.7565931366111677 9.0893 0.0 0.0 0.0 0.0 0.0 0.0
0.0 -0.7616800246645342 9.04452 0.0 0.0 0.0 0.0 0.0 0.0
0.0 -0.7667612655841703 8.999740000000001 0.0 0.0 0.0 0.0 0.0 0.0
0.0 -0.7719427545852517 8.95496 0.0 0.0 0.0 0.0 0.0 0.0
0.0 -0.776920271057499 8.91018 0.0 0.0 0.0 0.0 0.0 0.0
0.0 -0.782113846294898 8.865400000000001 0.0 0.0 0.0 0.0 0.0 0.0
0.0 -0.7872022081909525 8.82062 0.0 0.0 0.0 0.0 0.0 0.0
0.0 -0.7923972144691309 8.77584 0.0 0.0 0.0 0.0 0.0 0.0
0.0 -0.7976001638408526 8.73106 0.0 0.0 0.0 0.0 0.0 0.0
0.0 -0.8029055566993031 8.68628 0.0 0.0 0.0 0.0 0.0 0.0
0.0 -0.8080782789235572 8.6415 0.0 0.0 0.0 0.0 0.0 0.0
0.0 -0.8132947160785617 8.59672 0.0 0.0 0.0 0.0 0.0 0.0
0.0 -0.8186073483492508 8.55194 0.0 0.0 0.0 0.0 0.0 0.0
0.0 -0.823953621447968 8.50716 0.0 0.0 0.0 0.0 0.0 0.0
0.0 -0.8293246051981743 8.46238 0.0 0.0 0.0 0.0 0.0 0.0
0.0 -0.8346901095611663 8.4176 0.0 0.0 0.0 0.0 0.0 0.0
0.0 -0.8402203234461341 8.37282 0.0 0.0 0.0 0.0 0.0 0.0
0.0 -0.8455893675582132 8.32804 0.0 0.0 0.0 0.0 0.0 0.0
0.0 -0.8511380507168438 8.28326 0.0 0.0 0.0 0.0 0.0 0.0
0.0 -0.8567371281612471 8.238480000000001 0.0 0.0 0.0 0.0 0.0 0.0
0.0 -0.8623402853694877 8.1937 0.0 0.0 0.0 0.0 0.0 0.0
0.0 -0.867984433069623 8.14892 0.0 0.0 0.0 0.0 0.0 0.0
0.0 -0.873767157766632 8.104140000000001 0.0 0.0 0.0 0.0 0.0 0.0
0.0 -0.8796204226084159 8.05936 0.0 0.0 0.0 0.0 0.0 0.0
0.0 -0.8856378498521207 8.01458 0.0 0.0 0.0 0.0 0.0 0.0
0.0 -0.89170663823102 7.9698 0.0 0.0 0.0 0.0 0.0 0.0
0.0 -0.8976532188435379 7.92502 0.0 0.0 0.0 0.0 0.0 0.0
0.0 -0.9039662059551434 7.880240000000001 0.0 0.0 0.0 0.0 0.0 0.0
0.0 -0.9101296286294013 7.83546 0.0 0.0 0.0 0.0 0.0 0.0
0.0 -0.9163824893020213 7.79068 0.0 0.0 0.0 0.0 0.0 0.0
0.0 -0.9226148241491299 7.745900000000001 0.0 0.0 0.0 0.0 0.0 0.0
0.0 -0.9290821815551948 7.70112 0.0 0.0 0.0 0.0 0.0 0.0
0.0 -0.9354701193374878 7.65634 0.0 0.0 0.0 0.0 0.0 0.0
0.0 -0.9420291856706429 7.61156 0.0 0.0 0.0 0.0 0.0 0.0
0.0 -0.9488305837843336 7.5667800000000005 0.0 0.0 0.0 0.0 0.0 0.0
